12 18
5 11
30 5
23 15
2 28
2 12
26 3
28 7
22 25
3 4
22 27
9 6
18 7
12 19
10 23
18 20
26 25
24 22
4 15
22 2
24 29
18 15
23 28
28 20
20 29
17 6
21 13
19 17
11 3
5 29
27 16
21 10
11 21
7 22
4 9
10 24
25 5
7 21
17 27
12 29
25 10
27 14
18 29
9 13
10 12
4 6
20 19
25 1
28 27
24 7
12 6
15 23
1 10
18 4
28 13
17 1
12 7
6 18
16 5
12 23
21 11
22 5
17 11
28 12
8 28
8 18
6 30
20 9
3 17
27 11
1 12
13 6
11 30
25 18
9 4
26 22
3 21
2 27
15 11
19 10
19 5
2 25
24 20
19 9
1 9
9 14
19 14
18 22
1 18
14 5
30 27
6 22
21 30
20 27
29 4
15 29
25 30
20 3
16 26
14 28
5 24
9 1
1 27
9 12
30 9
20 8
29 23
9 30
11 18
16 29
17 22
3 25
3 16
19 27
23 27
6 24
20 13
25 7
3 22
2 30
23 30
6 3
4 20
22 10
16 14
23 26
3 26
29 17
23 3
30 25
12 30
27 10
29 13
6 26
15 20
2 3
26 1
30 4
20 17
8 20
7 20
14 6
28 17
27 26
9 23
6 25
25 2
27 2
27 24
24 26
13 9
3 6
2 29
7 23
2 5
7 3
20 2
16 21
14 27
15 30
13 10
25 21
6 10
17 4
5 3
8 6
19 12
18 5
15 25
25 15
13 30
14 21
18 8
19 18